,a,b,c,d,e,f,g,h,i,j
a,0.0,3.5,2.0,3.2,0.6,0.3,4.8,1.7,4.2,3.5
b,3.5,0.0,0.4,3.6,3.2,3.8,1.4,4.1,1.8,3.9
c,2.0,0.4,0.0,3.8,0.9,4.3,2.3,2.1,0.6,1.5
d,3.2,3.6,3.8,0.0,0.6,1.7,2.7,5.0,4.1,1.0
e,0.6,3.2,0.9,0.6,0.0,1.8,3.3,0.1,2.3,2.3
f,0.3,3.8,4.3,1.7,1.8,0.0,2.9,1.2,4.2,3.5
g,4.8,1.4,2.3,2.7,3.3,2.9,0.0,3.2,4.6,4.1
h,1.7,4.1,2.1,5.0,0.1,1.2,3.2,0.0,0.3,2.5
i,4.2,1.8,0.6,4.1,2.3,4.2,4.6,0.3,0.0,3.4
j,3.5,3.9,1.5,1.0,2.3,3.5,4.1,2.5,3.4,0.0
