,a,b,c,d,e,f,g
a,0.0,0.72,3.13,1.35,4.61,0.03,4.67
b,0.72,0.0,2.28,3.89,4.51,4.19,2.67
c,3.13,2.28,0.0,1.48,3.85,0.77,4.27
d,1.35,3.89,1.48,0.0,0.16,0.58,1.71
e,4.61,4.51,3.85,0.16,0.0,4.2,4.56
f,0.03,4.19,0.77,0.58,4.2,0.0,3.65
g,4.67,2.67,4.27,1.71,4.56,3.65,0.0
